%YAML:1.0
M1: !!opencv-matrix
   rows: 3
   cols: 3
   dt: d
   data: [ 7.1206891203927739e+02, 0., 3.0271924720757880e+02, 0.,
       7.1206891203927739e+02, 2.3556406840883480e+02, 0., 0., 1. ]
D1: !!opencv-matrix
   rows: 1
   cols: 8
   dt: d
   data: [ -3.0537808639761188e-01, -5.2041467417629861e-01, 0., 0., 0.,
       0., 0., -2.7391707415033677e+00 ]
M2: !!opencv-matrix
   rows: 3
   cols: 3
   dt: d
   data: [ 7.1206891203927739e+02, 0., 3.0264109834316758e+02, 0.,
       7.1206891203927739e+02, 2.3828479570748675e+02, 0., 0., 1. ]
D2: !!opencv-matrix
   rows: 1
   cols: 8
   dt: d
   data: [ -4.0865891743220945e-01, 7.8398147375966709e-01, 0., 0., 0.,
       0., 0., 2.0305882670368187e+00 ]
