%YAML:1.0
R: !!opencv-matrix
   rows: 3
   cols: 3
   dt: d
   data: [ 9.9988337262079519e-01, -1.2224219783028656e-03,
       -1.5223233591156494e-02, 1.2690252033636699e-03,
       9.9999453730215415e-01, 3.0520388077125930e-03,
       1.5219419551913967e-02, -3.0710015235290945e-03,
       9.9987946184434917e-01 ]
T: !!opencv-matrix
   rows: 3
   cols: 1
   dt: d
   data: [ 9.6534395128827732e+00, -6.2957843112636427e-02,
       -1.3804305329193625e-01 ]
R1: !!opencv-matrix
   rows: 3
   cols: 3
   dt: d
   data: [ 9.9953401525925967e-01, -7.6993247808069829e-03,
       -2.9537649493853787e-02, 7.7439366615028099e-03,
       9.9996904049810142e-01, 1.3962414865497390e-03,
       2.9525984906260825e-02, -1.6243285461326892e-03,
       9.9956269326745573e-01 ]
R2: !!opencv-matrix
   rows: 3
   cols: 3
   dt: d
   data: [ 9.9987651258844279e-01, -6.5209989172824653e-03,
       -1.4298116907287182e-02, 6.4993940634383253e-03,
       9.9997766660337661e-01, -1.5569750396411132e-03,
       1.4307950614319064e-02, 1.4638536766780428e-03,
       9.9989656449136366e-01 ]
P1: !!opencv-matrix
   rows: 3
   cols: 4
   dt: d
   data: [ 5.3024472307448241e+02, 0., 3.0983763122558594e+02, 0., 0.,
       5.3024472307448241e+02, 2.3653680610656738e+02, 0., 0., 0., 1.,
       0. ]
P2: !!opencv-matrix
   rows: 3
   cols: 4
   dt: d
   data: [ 5.3024472307448241e+02, 0., 3.0983763122558594e+02,
       5.1193175324958193e+03, 0., 5.3024472307448241e+02,
       2.3653680610656738e+02, 0., 0., 0., 1., 0. ]
Q: !!opencv-matrix
   rows: 4
   cols: 4
   dt: d
   data: [ 1., 0., 0., -3.0983763122558594e+02, 0., 1., 0.,
       -2.3653680610656738e+02, 0., 0., 0., 5.3024472307448241e+02, 0.,
       0., -1.0357722874360800e-01, 0. ]
